cam_model: Pinhole
cam_width: 2048
cam_height: 1230
scale: 0.5
cam_fx: 901.755338
cam_fy: 901.6348545
cam_cx: 1014.2828375
cam_cy: 607.39989
cam_d0: 0.02706343213
cam_d1: -0.2306893002
cam_d2: -0.0002091602863
cam_d3: 0.0003081196744
cam_d4: 0.08891503544
cam_d5: 0.1487019783
cam_d6: -0.3116707589
cam_d7: 0.1052272391
