cam_model: OpenCV8
cam_width: 4096
cam_height: 2460
scale: 1.0
cam_fx: 1419.488223
cam_fy: 1419.783836
cam_cx: 2091.72389
cam_cy: 1231.71474
cam_d0: 0.4765817545
cam_d1: 0.0267510319
cam_d2: 1.495544387e-07
cam_d3: -2.581193063e-07
cam_d4: 8.833337814e-05
cam_d5: 0.8074516265
cam_d6: 0.1103335164
cam_d7: 0.001695886702