cam_model: OpenCV8
cam_width: 4096
cam_height: 2460
scale: 0.5
cam_fx: 1421.907845
cam_fy: 1422.359993
cam_cx: 2089.558264
cam_cy: 1234.974194
cam_d0: 0.5119036662
cam_d1: 0.01388166828
cam_d2: -0.0002266667995
cam_d3: -6.567921718e-05
cam_d4: -0.0006314262371
cam_d5: 0.8458882819
cam_d6: 0.1042484193
cam_d7: -0.002293472949