cam_model: OpenCV8
cam_width: 4096
cam_height: 2460
scale: 0.5
cam_fx: 1419.456345
cam_fy: 1419.306455
cam_cx: 2019.419337
cam_cy: 1235.820497
cam_d0: 0.5452077091
cam_d1: 0.03876967082
cam_d2: 1.891611765e-05
cam_d3: 5.109852391e-06
cam_d4: 0.0001741299991
cam_d5: 0.8783095664
cam_d6: 0.1421717132
cam_d7: 0.002855702654