cam_model: OpenCV8
cam_width: 4096
cam_height: 2460
scale: 1
cam_fx: 1810.601483
cam_fy: 1810.097485
cam_cx: 2050.268673
cam_cy: 1204.808611
cam_d0: -0.01926227141
cam_d1: -0.1348581989
cam_d2: 0.0004435892797
cam_d3: -5.425442191e-05
cam_d4: 0.008779811305
cam_d5: 0.1022124707
cam_d6: -0.2123915343
cam_d7: 0.02059681233