cam_model: OpenCV8
cam_width: 4096
cam_height: 2460
scale: 1
cam_fx: 1814.058577
cam_fy: 1813.508699
cam_cx: 2009.530998
cam_cy: 1227.922744
cam_d0: -0.02471957259
cam_d1: -0.1725120507
cam_d2: 0.0001172584516
cam_d3: -0.0003480387976
cam_d4: 0.03297324968
cam_d5: 0.09774612417
cam_d6: -0.2538886472
cam_d7: 0.04678107989