cam_model: OpenCV8
cam_width: 1024
cam_height: 615
scale: 1.0
cam_fx: 355.7476555
cam_fy: 355.71934825
cam_cx: 520.80348225
cam_cy: 307.25922625
cam_d0: 0
cam_d1: 0
cam_d2: 0
cam_d3: 0
cam_d4: 0
cam_d5: 0
cam_d6: 0
cam_d7: 0

# 1422.154509, 1421.504888, 2072.490584, 1216.098823, 0.5728396239, 0.04388080953, -3.660518528e-05, -2.037987016e-06, 0.0002235242205, 0.9067623525, 0.1550977017, 0.003418363523