cam_model: Pinhole
cam_width: 2048
cam_height: 1230
scale: 1
cam_fx: 1800.789021
cam_fy: 1800.183224
cam_cx: 1029.643776
cam_cy: 611.531023
cam_d0: -0.1038429619
cam_d1: 0.0452693543
cam_d2: 0.0003219106673
cam_d3: -0.0002163387837