cam_model: Pinhole
cam_width: 4096
cam_height: 2460
scale: 0.5
cam_fx: 1807.16748
cam_fy: 1806.574382
cam_cx: 2045.36729
cam_cy: 1210.604229
cam_d0: -0.1068202326
cam_d1: 0.04878216376
cam_d2: 0.0003456828687
cam_d3: 0.0001868689647