cam_model: OpenCV8
cam_width: 4096
cam_height: 2460
scale: 1
cam_fx: 1812.393267
cam_fy: 1812.116282
cam_cx: 2025.846875
cam_cy: 1217.619004
cam_d0: -0.0607551801
cam_d1: -0.09492537064
cam_d2: -9.862719183e-05
cam_d3: 0.0001039430756
cam_d4: 0.01910753813
cam_d5: 0.05233743375
cam_d6: -0.1665249245
cam_d7: 0.03083494318

# cam_fx: 906.196633
# cam_fy: 906.058141
# cam_cx: 1012.923437
# cam_cy: 608.809502

# 1812.393267, 1812.116282, 2025.846875, 1217.619004, -0.0607551801, -0.09492537064, -9.862719183e-05, 0.0001039430756, 0.01910753813, 0.05233743375, -0.1665249245, 0.03083494318